#{"t_start": 1775727757.9570467, "env_id": "None"}
r,l,t,tasks_completed,runtime,throughput
0.042501,1,251.725916,13,246.83,0.05266831203561058
0.033403,1,665.764103,13,409.1,0.03177676980340807
0.003285,1,921.42591,13,250.78,0.05183731771292925
-0.000604,1,1159.912491,13,233.2,0.055744978336448335
0.025637,1,1494.729564,13,328.83,0.03953443840086645
0.001293,1,1742.515986,13,241.38,0.053856854740735344
0.003682,1,2002.534653,13,252.77,0.05143000021911014
0.025642,1,2450.252691,13,440.1,0.02953878256742558
0.044061,1,2877.167495,13,417.78,0.031117207371136813
0.00151,1,3124.744453,13,242.45,0.053618425721632064
0.000869,1,3370.070788,13,239.72,0.05423047417034584
0.003306,1,3628.566471,13,250.84,0.0518249463886587
0.024575,1,4060.318892,13,424.75,0.030605903327130625
0.000516,1,4306.624506,13,238.08,0.05460434368853392
0.003763,1,4567.967299,13,253.05,0.05137339320988014
0.005883,1,4840.536521,13,263.94,0.049252844725991424
0.004642,1,5103.251506,13,257.48,0.05049014126065189
0.002268,1,5354.983842,13,245.94,0.05285937708536114
0.051691,1,5749.490993,13,388.23,0.03348545863170398
0.025587,1,6195.753731,13,439.3,0.029592432847783727
0.035026,1,6634.19966,13,431.12,0.030154337329848544
0.043552,1,7050.325212,13,411.06,0.03162529817256198
0.026253,1,7390.190155,13,334.12,0.03890782509128603
0.000283,1,7633.199814,13,236.98,0.054856903368883055
0.042448,1,8037.514871,13,397.25,0.03272517075577426
0.000589,1,8283.201133,13,238.3,0.05455228040343427
-0.000304,1,8522.738797,13,234.49,0.05543842850667448
0.03353,1,8939.154586,13,410.76,0.03164877735451985
0.001453,1,9187.574607,13,242.16,0.05368322336505134
0.025876,1,9525.530917,13,331.11,0.039262169307344504
0.001751,1,9776.948758,13,243.63,0.05335878581428959
0.00331,1,10036.528596,13,250.86,0.051822483569534825
0.034245,1,10466.412714,13,420.34,0.03092711706997258
0.026268,1,10805.993695,13,334.38,0.03887793145732939
0.041306,1,11195.668347,13,383.92,0.03386120575145115
0.002746,1,11450.145371,13,248.16,0.05238658900219428
0.002841,1,11705.746973,13,248.75,0.052260308143518036
0.025286,1,12148.074309,13,434.91,0.029891181885977388
0.002579,1,12403.145256,13,247.36,0.05255476305395401
