#{"t_start": 1775119320.1276846, "env_id": "None"}
r,l,t,tasks_completed,runtime,throughput
0.021457,1,409.668863,13,385.34,0.03373614565530538
0.018346,1,767.512441,13,352.88,0.03684012618130658
0.050701,1,2774.715384,9,2000.78,0.004498243340753432
0.01803,1,3129.570048,13,349.89,0.03715470167096103
0.018117,1,3486.035932,13,350.71,0.03706754243656444
0.018238,1,3844.371846,13,351.85,0.0369477235248542
0.017941,1,4200.558523,13,349.05,0.03724355686291823
0.017416,1,4549.92618,13,344.2,0.03776825166620071
0.017621,1,4901.988781,13,346.08,0.037563891748848305
0.050702,1,6909.88731,9,2001.34,0.004496990283592887
0.01599,1,7246.549688,13,331.8,0.03918069322970448
0.016019,1,7583.900717,13,332.05,0.039150920404907495
0.050702,1,9590.991092,9,2001.28,0.004497130252395927
0.016263,1,9929.988756,13,334.12,0.038908446332186424
0.016126,1,10268.282377,13,332.95,0.03904493797834034
0.016161,1,10607.353239,13,333.26,0.03900902721022909
0.015878,1,10944.451648,13,330.86,0.039291297729473984
0.050702,1,12952.338658,9,2001.16,0.00449738902920495
0.016664,1,13294.851591,13,337.6,0.03850757205926446
0.015842,1,13630.694099,13,330.55,0.03932803284662654
0.016135,1,13969.404355,13,333.02,0.03903628532014184
0.016135,1,14308.618168,13,333.02,0.03903688931798656
0.050703,1,16316.896369,9,2001.6,0.004496408572789543
0.050703,1,18323.577294,9,2001.81,0.004495939897770318
0.016918,1,18668.679904,13,339.86,0.03825123379296249
0.019138,1,19035.08413,13,360.75,0.03603591090664569
0.018173,1,19392.780615,13,351.36,0.03699919895299843
0.017023,1,19740.12425,13,340.77,0.03814882452632808
0.050703,1,21747.057207,9,2001.79,0.004495969353330064
0.016809,1,22091.356155,13,338.89,0.03836026469329161
0.016308,1,22431.938077,13,334.73,0.038837143363777735
0.016924,1,22792.131892,13,339.92,0.038243840673098925
0.017732,1,23147.294883,13,347.37,0.037423785338120415
